32401966
70104847
79054268
57190605
72391727
90801627
29671024
36352687
82751343
59511107
19163501
93344116
72628321
17681437
43519688
90720528
10004362
73812676
78150551
66770637
44264730
74072408
78039688
51295446
18519540
95396039
42416616
96390670
54402757
71285553
53156130
93192027
41622286
84350323
85073953
11040114
75978575
38241194
95486539
39047010
64389370
17388112
88079028
54737902
14647503
78145462
10371999
15461829
12455334
93752494
37746110
59072709
40532020
42957092
26615146
33105294
87573096
21181293
97047294
74216949
65190391
99543843
47078747
53574206
17994092
88413594
92614957
16848700
11089902
28321352
12655663
48352591
45402814
30043066
20961434
72860642
42700994
50681772
55905729
62297162
78703760
92253584
17588334
76019196
95372493
98648813
81793809
75023715
18629741
85056167
60078685
38355684
15358427
76841580
18629911
17814683
19245828
25012145
32263102
85926550
50040681
49657754
63527467
13663171
64425060
42128592
33016758
12969845
13869089
40737535
49855932
91389968
42413497
87233018
26813439
57868975
91618291
73198683
46215419
13681356
73093481
32644768
55505980
67434825
29016421
28777511
36307345
24298844
58205515
79093185
52925748
49212877
51542681
12556230
43140149
78347891
70343376
44986802
24395543
50792077
69574228
57391045
92957892
13312534
52009721
12373705
46860132
80314251
74208698
68710693
69440424
24244994
81628289
69298798
26440651
77214102
48288258
40633020
18166725
65263880
19332851
86234483
95605780
24244551
94487645
48840998
39033138
67787899
94612491
10900766
56756698
34383424
95986114
22079080
52101773
14763907
88292717
16107762
68071093
37058370
80162061
87473300
86007616
22325507
35726421
31732080
35052409
75190707
34505700
31825686
50450113
70360345
53408705
61531152
40659687
30311159
73099611
21813721
96276113
20950482
73120166
46471414
59512444
41205763
55013394
67031590
23070727
56440103
84026970
79271056
40043025
54886827
66404899
43260614
16773301
92261472
31355903
80430888
70757540
13412369
46779322
95854982
35842603
13622004
82488410
19551104
55489549
12299602
48575933
82926220
20237416
61153874
55829617
26103841
15189650
19903891
45590189
52668325
40814300
93356129
12914136
93824072
21554676
78147785
89693095
67529609
80076764
90275780
32614773
95197511
66662861
68732103
64871931
49442788
75111789
70202122
50865498
89277363
26327285
83631170
57827345
81079031
61998666
76132884
50519866
64468445
17988802
28065677
47366313
95142040
67560633
14163099
39379728
94880407
64415679
63265760
40070908
49882743
51232833
79970535
32800393
95398376
41202150
39981119
80971448
73166022
48343056
28130753
40580428
35242855
26459290
36414402
58596560
12566309
14924972
13546990
81958741
72155594
75205642
17889148
98143723
31675542
70035367
74967028
82489958
75484348
11638407
84248191
14578213
86304002
68915713
63328554
46010586
51614460
27752596
90615095
83023912
64870592
58183197
59325888
16213218
50104964
81505737
79560311
33201306
52510477
53720320
18534769
57391618
63314841
25483723
62907639
68289533
57935365
36677534
30095838
17539614
79019365
62836488
48821716
26791851
17856123
46559498
88389655
45533167
66804053
38158014
38751743
45209108
70006014
24864523
93935705
36757430
25348868
62218589
54437768
23637474
41947960
72915916
39379819
36787591
42002317
27562639
27234369
43119261
24886334
77403530
19587445
89273990
88250928
39293957
12608624
79177228
57488783
83440725
19464513
91460073
61444175
55278557
45197568
66961953
69328953
23280480
94988047
51497151
72302230
14350240
25629298
76381094
50628598
27916532
46911178
20964542
93785786
54197153
23268686
48387115
25801317
72100519
37543659
26188943
17984113
65177710
28795503
55458416
87567299
38859889
92562446
95468235
31791511
11055886
83575350
97235907
33732771
46649366
52707608
97009499
40971530
32663172
30407724
94168911
86030258
36633215
56262838
75274616
72292928
79243654
30626557
17954739
58712363
93060031
64263843
24132123
17897000
18215326
99457673
52836040
36101888
43882933
66917396
86745620
74367699
78425046
63115569
60669776
56529755
71845401
17873317
79621093
36751424
28970276
93524965
61260332
19479799
89120649
41250352
47196257
42127062
71380824
93710019
92305975
82321256
59538994
86524473
96974364
76858659
90750692
85931804
85986869
28594394
48930540
70886266
67358002
49300506
95063252
21989976
36975225
79293221
38637089
47668259
15020826
11610323
54345483
92981813
10143899
62572890
33926935
79325599
92056878
90733947
68266644
75173722
30599589
88854866
70507770
99133933
97386435
29152736
81499325
44870331
76799580
36441282
66774280
28382716
29729615
88345563
58023820
61955371
38262912
75398974
48811683
32286950
51403324
19811638
26087913
33940720
94768391
82080493
88883794
23970434
23992671
71987568
11520563
45824184
19137943
77782003
31659659
36359996
55181254
16014549
68664810
51625992
54972345
28032798
84306972
35096734
10533466
14415561
50326619
35612152
24064176
44747939
15507693
77321058
58682617
90486049
18039261
46099716
97905116
61407053
46103015
26348053
90417520
45277796
73545288
90208820
77824623
71573470
82144527
50291172
14075129
78897730
78395049
42669304
42989361
11116766
91134715
21764381
33980297
64236150
85296680
90989256
90287838
57959918
32796192
37053005
24202661
41314341
92272682
53153893
70995540
63220239
38135893
86918700
18372443
18640961
42641302
59759270
92226114
13908211
16648653
92993674
79599238
37876572
92469500
38578522
52341670
22739678
97796001
34894735
11737401
72656702
62021493
84160356
21522938
94629825
51490398
22149145
27389846
42588842
47480553
28497032
57659569
73800108
97033261
22952727
28918922
46731223
66004520
95783327
36671922
54991303
69066589
86040472
29650453
97584595
70862518
86647848
49641010
66040554
13676624
75553906
45270129
24749298
29946015
44404949
96965908
34853373
53306788
36512991
91718873
36346870
49849199
95589434
57592664
69312353
42785669
47155096
59594679
76601403
84677278
28427679
21313177
19562988
99808022
68197852
82635849
89524578
16792881
82118394
41269793
89758567
36263128
52477797
72185473
72405393
41671990
50241007
13835740
70400650
25535079
64852907
83905462
22354067
25876228
40107479
89142220
64653195
40708787
71554633
88233842
20860519
27864407
79611789
45502522
43476355
61078793
48110306
47799216
16027530
53876411
42873970
34668981
50789993
96719297
40684824
50433675
21928910
51118619
81667010
62138907
77287566
93098188
49995022
95982859
73963848
16250613
81419657
81513117
36367978
31739481
75991359
12908555
16279353
38486085
97211333
51328573
83785158
79918495
52407455
91363932
44851811
65909720
94345366
27404305
87006044
53175983
89264555
57901164
89781628
28047554
85135136
79071676
77418381
67834765
33286530
78434011
23494414
89156022
29612695
15876757
35488143
40847846
65273496
25630119
43775996
45130771
54259765
53914961
90411284
19654634
90182567
48513452
66760038
37544109
20019352
22123175
60279392
29027144
79564561
34022505
29506470
22263785
82605559
48470083
29019652
21022031
48714569
10115116
90820637
21057166
54390237
66773025
62981185
87381332
21232966
20770729
30356438
56698084
71196743
73291431
92313618
88869384
19499850
73798135
48025996
29255889
39985001
38453492
25741113
12840753
81562261
30570230
96261678
99287524
99396568
87657042
95170072
89365315
19582096
60212411
96342291
40479144
44832562
61655601
21490964
34367806
85291633
10863355
56917513
59393829
73663185
69202611
11620455
11028260
16666333
95809302
14673488
45939862
90958060
26186035
57593478
28618336
84842906
33837165
55407377
49395236
10343908
58678210
73326379
55537416
23396292
81979890
89436106
65559955
19870200
27648051
75404804
11951937
46725029
48591837
83209683
79573438
17491544
63676978
54130715
99839510
95925540
46169448
29210212
41829541
99731428
70712682
47894786
89742514
30274230
27941290
87918098
99780910
38262810
14074623
14370100
14236132
54607947
36405741
89427213
90739102
51099943
70869331
16843168
13012916
90369224
12880576
11670526
82964108
95040025
67260092
68984283
78933079
12118701
54584180
53773001
43701114
49931485
24529112
39431178
94548371
70370715
53636561
57523414
40958446
19505709
64948902
40270719
21180215
75488667
50706313
58629813
57109484
98698518
32645672
74157965
33177201
35967161
84781604
39954656
87223352
30446063
94182377
31908862
25705978
75914687
71577688
63652882
64556787
30069936
35160552
12758138
18205074
67188732
37950622
23356764
42412139
20656700
76992794
37718069
82733905
31546455
69441915
13668197
56573129
46258857
92986466
34208497
63883006
77704518
86583929
42806255
95217803
78610668
15056804
55763727
67626576
61614876
98798675
28133422
10460849
18371151
89658144
46364703
88243824
88588594
34343187
79640560
22219026
35875980
31507335
82264936
84031910
89483859
13774065
90433760
11041753
44717210
35631477
43756914
21601561
24474712
62088985
46217104
63351790
73758835
66876901
84979786
61416216
65882384
84794317
87671690
48128565
74617888
85445966
78614506
94781059
46113292
50465124
83403538
16655754
90906624
27925268
22545696
43892381
45490219
23651553
51354735
31302065
65246543
26413856
47340213
81329297
60209151
83769013
22687538
96629818
13094184
91607955
68041317
25895446
16651867
37220501
52748968
56063598
58190486
98173702
99978604
32795385
89124574
10596593
24205522
45109170
48931850
12810509
51423402
87265692
33601514
61624774
35360183
36302959
82423318
39378598
83908644
99920357
40647583
59758498
58195661
46165669
51822293
85947651
28251852
17436616
10402665
27599837
52470081
34752444
66875676
94625684
34519422
92199236
57231110
69908726
68947899
36087922
21964369
16971044
82719091
29435851
17442923
70529722
39327556
38948062
51813865
77782156
92933592
82688927
55566000
45900203
81023669
14794740
65415422
52767076
99267508
97120199
85687831
64728762
99389282
63729017
84079780
12692389
29809479
90876611
64206324
81889411
91326362
40856382
50570011
95701972
51566958
78618523
88982061
37211438
67425440
89665814
30921070
27015508
65791665
24496924
45170071
62024249
47963182
96547539
63004513
82455579
96374560
90548469
39075568
27055381
19518945
51152580
46937756
15388150
75444606
91034584
36117237
21589852
10669290
68840153
97776565
90631889
85444129
41655218
60507142
98602244
45735365
23634376
71219954
57733650
94658163
19379420
51263779
27808655
82674649
47537930
53045932
10650050
27013672
57341587
90673300
68291299
61397705
81327323
30921922
27410789
17750122
95904035
66997449
42521096
59848011
56342294
62132387
68663607
33520997
98488364
39480118
46538127
57362547
99912938
57814274
49297424
46931767
55272823
76478000
50728629
14374407
13727797
58079587
39486167
70742523
39383324
35561101
69082896
17283610
95316187
98580657
91489085
94667224
46608161
69667647
73902096
97743297
38684947
37921615
30533535
50841240
33959964
19529083
49048853
37420443
12841937
33057298
55723537
71843133
79060874
13556993
59861694
98870942
33325053
41451325
72575716
13084125
95582053
72333039
64035295
39398129
21044296
14825925
27616913
75109826
51398162
30005951
94747534
82201220
57123391
16033504
86703807
51326554
13824851
14685609
85735483
74062774
53047461
72273856
29191554
25079891
98722728
76020862
81058871
43642231
94128719
21408390
44658262
38358661
44687655
94437634
85865859
61784586
18327475
16766647
26424749
27406139
18705037
66285726
18921055
86267958
16434351
57193989
32747704
69192515
87962017
10325738
51450684
50327645
86531212
81554141
67077318
49106403
77913912
76548931
78264709
94565079
33711838
29291886
87783078
83654990
31787734
28118969
23593700
14705649
35358657
76999233
93955104
53510945
64913318
20038418
48845489
64327852
17357174
16788157
66114220
88803613
37346309
54483870
90448665
97803507
52844654
25883471
26542752
60038843
58132847
19811546
22108386
27022895
75618284
34206897
18005226
64422930
28824883
79714880
45578771
10247192
25840747
93962906
75078274
43226396
54978556
60088502
61019695
97615173
54204645
27521780
92379013
95055786
23179099
14025708
83548415
98085244
20977248
74494556
49420174
61972825
55563534
84727236
95931064
98103933
52492094
30116986
74123060
48584677
50311949
89078912
22303458
76091809
14531703
45452177
20047541
34291051
83618086
82111035
75888158
44117692
91016307
85644209
20814770
47295053
50008062
66783032
75445657
30547515
29747253
91788199
66096851
78863858
92475281
74017710
61934698
49328464
33419977
85179461
23915137
19019403
42178808
68755021
83116267
55746010
92466680
64122613
90893599
42942294
78825300
60730543
94657460
22120595
28594927
44484379
90611788
22703642
83349330
64131412
87267800
90839145
98356522
33090509
52134278
59295735
59049928
52463749
92977198
18002360
13750138
54374217
66120944
42005431
46947172
81423637
15867974
81411983
95763660
72409520
69290975
77866207
51170829
12951337
43165660
62679687
67495801
92035934
69071500
80538788
53200182
86200715
12879041
13370632
67823587
36282525
53251981
12004356
23266396
42922431
81734168
17005005
31235244
26602058
14314668
75765356
91172586
52901770
23490924
61186491
57575930
76234703
65349555
52735821
86456713
82763351
72484647
24053758
65948692
35120266
16628548
91458990
67520770
90192496
27620039
31018859
53870828
57556807
37977672
79061723
10713732
24340580
94649214
19030122
61493438
32250724
76524608
58037550
50079687
73644627
38829474
98550711
33868793
57966366
65922014
40890557
12115966
90853372
21792224
19747059
17232126
56178634
51047379
51194536
43146235
49906124
39865906
12820093
53347458
68981679
42989403
82115570
81257414
24857004
56241214
17572406
84466600
75037762
60213415
18989510
44719817
77240642
85844992
33900660
17667473
14446385
72699320
76805810
28554342
31814777
32995047
97839753
24587222
71216298
54830244
78113803
81101852
15129485
18724162
47773521
78222867
67834011
63790063
85147007
21023225
11499964
39357106
75835731
99846500
54345279
77009564
59097827
32787024
94586071
79070876
57732043
64291653
93934550
17296981
51556593
85306187
60785592
15746306
40073398
37923421
31107380
18371100
18083184
22778582
19455689
86262244
79784301
91452366
24865477
60150471
33503416
37541048
45959103
88615040
11270515
18469856
97840488
22007297
11161964
57211587
21169752
44032476
37367588
72878721
62034459
70956215
88285630
34814681
18223620
63374564
81586817
49072922
10625600
15409118
92215958
58617923
75147409
10420865
45525801
70443361
28107752
39051030
35598777
75149566
21213169
24617893
67410058
11818218
47184156
23680863
72307348
55683664
98209811
61819958
23655217
43247887
24518198
47527906
30367905
75243739
92697962
28528477
15601018
10487581
13468026
25814861
49001005
54092364
69538476
97044887
17539217
39479192
46943198
77709651
21574184
76514569
19532819
86110995
72130791
32876158
68916380
52416676
81501897
44720076
59819953
30113989
91280310
63555010
33357442
30894014
75685651
52063695
49376827
77611009
72911310
18777598
67385025
87419843
35353352
53175109
71948304
11516901
64204253
92829497
27724846
80047107
73806095
63833528
15550229
88236636
74503471
54831124
22183049
21350782
32417679
51508208
95714050
35664812
64628251
88349742
76677397
83653501
78197982
59991909
80882475
73627939
42629816
62542266
32118157
55579864
15908267
58184265
10316994
43817076
24498951
84985274
69121668
37295803
73577452
98773825
40436518
47736562
46262153
44136701
90758102
49779176
99970982
84455674
10937637
51641095
67776046
67029683
28195369
87954658
25412645
80415267
82212745
95837894
12209815
58528514
87251302
33035599
81646237
11279958
73298920
45697806
53619381
47252472
41776214
34622633
17670700
17663956
95937066
96179612
30839835
99061859
16741602
66960738
71122963
29007968
36395863
88562133
85985887
80151601
42058615
51454732
41809537
29379516
74490419
10216658
17245128
81782994
55748513
80546645
74224068
26398750
58917152
63273944
95562447
75451251
67478186
83032097
88331846
40553630
64441581
83660015
73330324
82634563
55755268
86037451
51008727
44633060
91528198
67189649
53437993
74999224
44323651
80809207
48956486
95780430
40628560
67730106
64236064
33484286
38070395
13349942
48501623
12825572
28174044
54622165
39069952
80617356
60998232
45009466
73056681
24888867
33614787
11992683
96837230
25466562
65320085
40478569
48763102
19564614
61922424
37164880
64204837
17793310
79843290
54065431
73386975
72212899
29187399
50160983
34165240
19485470
25350100
90054383
85128073
25713826
99959751
85079969
52440267
17991915
26506509
19835750
98465933
81233423
67087807
94849577
52560132
19459064
18441011
69031462
76073280
73779330
45956692
62818395
91427526
16249583
14454489
90981312
23400269
53754339
31961306
17714730
93584398
74510389
80627064
98197249
65989443
80409785
90060764
50514622
46772496
23946801
94369036
49126639
45530302
94395735
43894311
21747227
88243131
69374857
36455167
93872989
89061923
85861483
25356387
78925362
58968821
84502159
21022989
70477073
82694394
29072497
77233020
18300652
88782929
29868263
78399960
48925409
92135158
79771351
77946761
31582258
99957348
72749486
18128063
72185879
12035526
71138728
84447133
24119495
73755025
96177141
58476386
40604990
76935374
99774247
28780881
36862545
10926422
55742027
68223202
64304328
63689542
98392091
76744725
52749092
88375693
19500506
27954436
54207874
20180773
76848300
91363596
28380036
86218739
96974095
52195944
61826961
77892856
68843103
49126538
44676844
70179835
97930749
76311260
18655918
99209260
43122836
45945269
31229680
63144805
78232413
99073807
11274376
90364610
26082895
78500168
36978764
65431448
62243054
95411898
48304272
14675492
37437993
38916483
41169169
37749525
76761572
11222884
35849582
71188448
39107846
61233269
24545079
17807229
36590697
86314405
73849218
12404417
31690848
80737961
38805374
85836747
11461402
38353379
14716136
21710232
99176792
63340684
11442387
68128130
96999714
72119999
78659884
18900344
51403882
57722383
19242707
38816803
65177881
68678926
15957380
72212835
44692237
67176026
66324608
15875378
22388235
56925206
58440393
52237300
13011989
35394274
66135605
47999496
12383360
82035920
10639949
95094753
22038077
93986680
48369655
58835129
64280173
82542373
24964207
29336524
40325044
18335535
41026231
80579309
25450297
35484881
89224436
79746942
53783498
33871618
85333691
28170054
99752832
73545262
84716594
53909876
69133652
65844754
30694016
54831444
93585756
46513038
98883651
84149858
72428357
78439127
58925451
38172608
76673341
73930763
88604025
79148809
44044971
80336947
48666357
91408581
74642136
89417831
46799092
11931827
63891541
90839095
78015927
29851126
27975886
21810211
46824982
43604239
30654905
23933666
22183958
92724478
64527795
44392755
81073931
38228080
79280209
90874357
16930556
96408663
40788133
39677979
48763350
81714837
13072105
94198190
79158220
74681656
92075153
86960855
79017866
48060949
67001515
50053558
25200711
99131681
93683027
55808393
60331859
94626147
51872677
33738685
84605692
41995658
37568661
91395163
82746094
84220796
89460172
82527116
62959798
86015448
80128300
51433802
48258598
69963558
94266875
30722312
35958727
59858715
97436689
15872600
76508054
16876808
24133355
79248756
52506990
56891530
51405951
43976116
52565694
27407518
59247172
39219120
21859150
72485251
15511340
92899931
36029493
27627801
13588172
54513556
25188658
28815149
88861030
92217685
28798374
53491413
32858616
54827417
31711701
43841233
78183733
92810646
52122302
76263574
19413803
14869222
67405063
34087618
65493946
56743918
98603713
80636152
73099942
85911267
71299285
48324858
52450739
56621736
63488117
72060326
92337786
13677887
72042776
52833496
59091888
58120786
38048575
65161999
66615057
17023672
62209274
82655868
99634064
48695215
60514350
96603608
42243188
97542506
29557144
35032858
53691507
44169320
38367517
71199498
41811879
11790213
93742478
58949664
27150844
60942419
31903627
72320052
82260332
18714831
58454113
31962584
97583344
30746538
55412176
28297176
35337119
63099145
74557452
68977341
25022808
36208681
35224463
89607164
26636625
48043099
92688813
65239444
26206113
26708322
78514202
76775245
84085420
59682981
82768263
32336108
33190694
23964572
36493395
16703155
53209090
72566862
94361277
71904989
48484842
60763730
39450731
32386333
58246466
58229446
47962937
34906470
54391910
72406207
39690104
41871935
84620769
55415617
54835212
48241106
28211967
86898154
60377657
60807311
27261971
35293950
93484181
49824895
16869915
67987191
99159192
64482203
48615286
32831681
79023637
73508535
17360637
87979745
97330937
45497854
28873220
47095626
52395087
33201015
64331336
65598305
18495804
43701202
50180397
56879557
49034985
30613988
64981650
60954013
32833988
80821384
61287272
88877796
49472083
29301015
47799483
68034085
59436870
71550769
54295382
42415085
38217077
68663663
53327415
41075113
20524883
44203754
74605773
62558827
85995284
42372312
34752671
89972482
36002320
38971646
15457328
11368010
26009101
17945437
64176767
68746214
81873598
18002541
53089396
73431483
65629099
40630124
11861704
55683780
10269172
17013550
44060037
47543181
83531914
72255880
69359101
76424401
51405435
21328350
19746721
82495985
90381261
64021652
38452612
26247595
82675302
23479225
39365175
38422948
59888547
58967776
55243562
68452941
55815419
58224470
15507956
76920507
57745624
66186490
40943585
93391798
86194318
20679165
38843928
76751540
41829649
16391428
85588337
98477911
81848710
38755446
30615006
38604725
28556330
38934319
42733337
35266527
22649909
64416568
88539414
21816250
69714113
93265969
45002416
64104838
28860214
64965255
20586345
92991520
63249346
77281303
93543298
69113103
70301461
50717602
13112401
31874610
93454098
52239213
96912452
73258959
47805588
87360510
83105771
65917046
68537065
10038638
77206980
38789618
58963919
86118994
68762871
28813128
66116282
53864044
69805638
16974192
24196628
84783211
69931741
57732774
81100304
87271521
71345615
58135657
78906419
21282663
42587520
19158163
64045314
46275335
92791874
34767942
93669249
87252529
99112190
27087413
64780515
58797891
82833829
57302126
60685678
27266875
93481375
41582276
13059174
81830326
45676647
26539823
33794638
52440113
25585139
75319923
49628228
74824930
72757435
51244544
56894562
66928782
79209538
41237475
75806858
36813131
67402141
79688670
12475090
32703545
73317932
65685571
12571822
97323564
32043837
28491211
47704315
48619360
78337099
40037722
81999766
20635175
53280382
56141862
62841104
60988541
33400495
68793862
20942320
51132750
29124572
74226574
67186055
17102190
76952205
86622163
68349540
90048460
56268198
68281144
53371209
38964890
94746708
95140875
79946401
18391461
31432947
10362815
10866618
93595671
19595707
55152106
79045850
71750959
86797724
70952735
69491837
49292872
34250914
26866300
38993677
17127230
71352354
48484172
80032656
12177862
89914205
96413068
37621400
31720343
26867466
80240858
93560993
94685101
80616363
34407639
49559354
60683013
73888657
99413165
56098848
57109612
81788197
48935760
58255724
83553500
91429269
79911191
59003390
15352515
97657990
62651861
30686075
62500149
12733193
56717562
67714889
21306048
57841082
79186543
55427168
98328863
91142136
84560723
59704476
58007671
64017413
30530028
88656684
76509617
37648119
31746761
75853823
94564318
27361045
56860434
16885358
25000473
69914804
81699975
47840374
65285424
13312430
32983214
76170950
91391963
22065885
49036094
92547638
65901178
58151543
64556343
51003693
11163979
17309549
99570935
74192613
90243931
76174760
46264938
72862294
90373489
42837806
46693684
31647194
67166883
55223046
62792798
95979437
26548902
89079516
86357655
32448378
15962502
97551488
67181767
57434882
32418859
62964403
30625066
75093439
11559254
13707139
90331946
85525686
65529459
74414623
55533976
24575472
26672333
54522579
83182209
22067445
13516930
22842519
52675029
82511335
43756895
22738018
99189272
72332430
26013870
42986688
79548188
81639364
84868205
97323026
36421988
68618722
94445807
21560377
61186319
29036723
20214370
20424075
70074125
62027932
80162240
11528074
17219569
61647727
42607867
47102678
24490419
45114275
41353959
26723463
18828808
65879674
90935301
62997128
57735560
38655158
62678368
35607231
63785205
21730200
14424567
43878599
38582063
69739271
92360381
70073234
84750496
74749331
97313479
30723642
62777446
70013881
10729607
67453964
94745857
27425777
31145983
46631733
90867906
14495267
15298263
37047954
13663223
24287127
37709646
53480953
64383668
20002307
31949586
91750450
88025437
87305845
30717299
89756337
82734842
94980785
96458239
96141217
29451576
98926045
44686806
67231898
27339578
36395259
72573578
65069673
57875802
59187554
10568402
83151159
69275781
10697267
25985119
31672279
38602966
70100101
86016765
80539557
17866649
26238360
78822051
83160622
91224204
85998078
14226555
16417021
90218659
44660867
42586485
72207032
97038624
88824740
11379060
27823898
61960979
80634302
15197146
70079630
79736056
17094079
58018627
72997202
12912276
81846727
26522889
38663277
55439018
62689675
42876570
19416020
95421138
90589276
73857359
41607215
47743061
28467885
34837084
10338652
74129444
49388275
84961353
74988728
96231941
66688899
94569740
78867830
15270531
52163106
80108407
97621443
39779428
31128184
73004738
96657593
91336735
47690633
99955156
91939381
10137012
57308504
79059356
79192966
27111017
15029133
22118407
18048689
90991228
73463493
95906264
57296195
86459077
40969164
37876781
68756831
10266027
80820065
42134635
50868354
18780873
89241921
26853134
81166774
54661421
28143453
10301254
87329909
66298604
13428206
37502531
71973035
43790196
15639939
28886785
77528446
54211905
78658599
45391776
15265911
52163194
55105683
59630464
70889401
43391965
34127116
59764850
75608409
16828073
57040494
85975973
93968396
72995700
97812698
46923324
36689449
16521474
50978054
44136242
44164860
48589546
65285128
39749575
60297508
84201917
19340116
33621842
45483616
42439145
42907184
85731017
15329991
99642162
96170881
29494324
55766931
96572989
63585508
67824553
23296379
47510995
31195462
61160412
27165045
21310694
53590267
39938226
87559182
82162766
48922601
96487650
99721921
23013370
74660194
76609399
52366550
61622636
53137758
96170620
40934620
22635131
49678670
88947440
39939821
59538558
92736260
44706350
19323594
69069895
82142695
66640263
25694947
67969766
38917743
92156360
93249197
22764267
32677856
59867047
15369154
68686638
93455456
43184048
76011731
53815156
43009612
41838747
22000494
59743068
29790454
61328774
10646330
53327356
83118457
99584599
39334148
43907535
23830880
27363494
13203248
82098095
43659342
80518570
35687577
11207115
43726345
25973466
65004378
54858374
32499672
11828516
25963130
77672910
57981068
57723153
22734796
70793779
24918463
95853517
56697027
93251670
32332767
15167559
97290155
25343271
36790433
18773581
54442497
96100584
88217423
33772308
56200828
50787144
69353195
61110868
88278996
11340518
11227475
42455306
94315095
62695293
55335294
77203886
80604000
36884561
12017377
49826176
14306025
60412494
51339218
55032432
86758771
32161762
43853901
51468460
49643557
72503393
28971450
48144188
22735717
33856328
59484650
38321175
93686482
86422146
62281414
43518850
84114160
43552384
65602447
72356182
26099647
68103646
83808246
90658854
62052458
14766202
55649635
13904011
92323333
21457156
10409462
45158904
75952658
33426291
59770352
12611368
33462026
26764697
54251505
73223435
76583388
89681674
45666888
34684547
37505330
80827390
36457761
65267242
64697234
19324097
90544850
40093541
39246331
52381160
75016293
50419370
89208224
98056836
37613845
80924430
52951293
70233815
88913756
55505754
92551135
95630334
55356014
93631197
95968367
97598408
97848310
54777204
56468421
16565451
60111881
33086198
24030005
19223943
72704016
52393541
67079037
17936198
83752162
26528810
79704375
11311310
62946905
14124949
70277693
68805668
13522416
48891339
66673348
62179124
28646376
67871812
17350774
89052192
17979809
18655874
25108459
93553086
86335020
11296123
36281766
70306339
55256008
95471111
83814410
32471346
49732558
85340482
83708030
46876824
62349789
23128336
40211996
28699897
47637117
18168006
23818131
46977482
62362857
11463945
81183646
97491295
90868495
12657662
64359871
25935443
45361046
31703453
53865922
62158926
82920533
11406390
30510727
43977635
28918281
90351802
90071079
83862539
24588278
70831196
46885759
62580068
99301724
26149326
23445934
37543380
46279454
59479997
78227035
10905072
23149340
19085443
58465596
14340833
19672359
47838632
74948353
56598426
89298529
64733746
58170914
35048989
82758975
85576956
51298333
16415307
33290186
76258666
60164076
81509311
26899194
30370903
26178825
73172986
30700146
31956633
66088931
18676930
11227819
19806348
83768654
61333385
68485702
12804061
79296400
32856902
94619717
34020921
49452817
98004114
40359662
19164402
67528993
32859936
88002849
69855225
63559348
60926713
69243154
89932962
34638826
71652647
26992805
64356554
29854787
51458004
74590792
97255063
23864020
81059949
34121968
58889403
28669482
95846727
15303534
74698945
98877072
75899883
81435981
24534370
84053195
49520199
80205886
60861323
72774077
67460818
22167973
55949116
29439067
42028249
71267454
27302938
44650926
82538355
55780204
77985024
73480077
46614770
57157498
15479058
37391912
92404645
78216135
66806076
47389434
31436718
70989005
41105900
74737058
10612612
48750123
35418091
82362954
78983368
96473155
63991176
74578998
18161488
89940812
28776234
28357153
73938982
24018189
25588502
53280693
62421894
82361625
14165684
30963099
13365647
44001487
28573192
30058894
98713052
39900343
97975884
36212722
73530224
95777466
31264375
75257661
87650930
26545395
79466275
42784124
29066794
23821347
71926025
67426856
75879748
81521512
92607961
80962108
36303245
84713243
67593357
57683233
36517336
60428429
31691061
93471429
94826985
80633557
93078456
19870800
75263312
68955948
99183615
39285387
49523919
69812862
15727775
81541863
59893224
22332850
83702149
35320459
12131525
23676046
32785391
12681350
42282143
17876119
87156719
84807119
57165884
33890162
72614519
95337183
94710157
36236129
86644217
14891190
65217682
41609107
43413648
39092265
46858043
83187648
35999069
28372534
78278291
12302671
91182021
80308098
41697653
28528383
29691755
56136005
20910099
84446323
75104196
38515453
86905170
94820074
78372004
96417271
56255967
38289617
49143606
96021291
45303337
44915932
17290553
79108860
11922264
43441399
27252196
83099753
70798030
50932911
48013536
11917379
62732814
74727242
76811505
15320880
17023689
56785634
75658367
96434831
50105895
55423868
85526634
88169243
11668048
66762191
58520677
83988944
70546531
88007013
49195139
95439866
89027078
56176768
65992158
55822591
23356029
56434040
98823276
99391645
37515704
99580439
35513677
85752937
17358329
56285326
56787718
79870710
28522647
16724287
45343166
48624275
42085678
73197131
47007085
74300982
33639046
85672292
30341492
99744677
37686760
58958055
86001403
38119189
11816876
18121834
79444169
14344351
24591384
37577538
43400965
14936881
77860535
16481102
22123494
29572409
16948278
41934504
63153122
55352921
38470942
80415819
50818650
22579298
44370197
92951330
90758047
75889231
93421826
81110265
69863197
78235182
95477295
18265950
62303257
35799803
70959834
76722700
23517644
41763195
73008130
79111664
36486124
32691585
69189076
82431681
63418615
14487726
41560561
17929990
65575150
47290872
89779102
26081842
93367861
70267039
88517455
20801895
37425582
73089836
13979430
79977273
18069413
20380994
67640978
61940480
77667948
95085119
53099957
28087493
89374853
18098891
44785242
33270744
36879581
34763112
17561390
27423814
48699792
81537454
10905198
27791243
18063390
79048173
62001538
41192339
41336317
84457020
91750549
36487759
50922299
40413862
60609902
89652146
20543568
78759447
85664458
47274493
67040386
94036389
76605713
97552081
81173861
71325846
56853143
80251197
50286728
52782359
55592477
44880203
29991944
63156920
46230241
49441632
49810547
55274368
13007840
19144389
77560220
64110924
96672333
54174279
30027533
32058351
60387508
81311466
22556672
97634003
52562532
22647728
34358449
39974474
33776654
94749076
41196584
32956134
89448728
42622745
67547372
46109997
88366742
65994968
31490594
98845402
51816918
66414193
16186350
87758353
99097162
52071147
68993235
35684502
11150815
36734362
31710335
27957959
46172249
29208801
92877529
70518857
23111098
32249735
39174696
58579455
59831612
98736043
87940016
23160191
89900946
46162951
32542987
34838842
86350608
18058789
50059333
72469006
51794224
84526551
37368634
80008599
21468085
90608809
18418385
29179124
29396810
47231830
35083984
10226203
13713510
84260705
77467682
27559767
44596521
50343704
33063096
65889881
44753440
87697555
97513001
57693842
47278686
96785536
38862425
74865106
36288310
72039216
20624734
34521062
42818742
11146497
11099050
65329886
13306561
56342140
95355683
92862430
71560329
83359557
53497783
81313080
42350722
94316378
78082277
90596260
53007385
73589615
69544983
45473865
99423822
30539229
99027653
10101483
78687270
74530321
69092004
32691327
47627485
52429562
16373784
82975544
22682419
75373774
99669888
96296002
37883382
26277432
58111161
72056886
64391773
77136182
18920015
16291741
35930719
98399379
74324557
52867264
72745470
27983714
88096638
51220730
69010947
10500707
78008801
61101218
46336777
72583509
55542596
98790346
68406778
89142279
10239215
36892141
29867049
39885179
19038126
10929066
77489034
46997562
71089579
45397345
38464157
37102492
69681584
44868419
37843751
43162515
80136051
78638625
57006432
59641279
81186356
27568702
61381453
92346707
53283571
21348980
83620722
18974021
18850208
85949455
26756563
53000129
85478193
97907140
58255927
42357049
41921605
48029143
11409465
28051531
60156700
38220701
16613462
56467556
87661605
75063623
55052021
22959519
25054081
41149341
36650217
45797722
73331708
92411916
76469590
35053659
34298685
24898800
41410421
37988744
44828787
73554017
79089156
79115554
98263099
97996444
32587944
15052238
11269892
13840846
82223713
71227332
50547362
13666911
19181783
41157605
43597040
82142505
30260466
87910388
38921801
16206056
71244313
41121038
98935661
82500383
79385661
58524913
50651368
62662563
13317860
32957219
72460039
92599031
10864164
56355180
70362807
74389242
50278208
74556311
64637377
49340820
98085461
81217153
67865452
37255452
16509931
66666983
95674907
45162617
38115064
96486005
21867052
90915523
50033093
30183629
51010235
73473394
21331729
59793746
39372745
67836955
56431633
63658885
75607085
94876022
20724683
16144983
43195832
77020329
95032289
29889304
59908821
86443100
54232335
16569387
42412093
82607944
43462815
23684549
10782190
34439306
82765508
58572148
10170534
50830651
36955732
88947977
82181662
26463050
34456643
53468606
72782550
26268934
99499431
11640805
33779851
12045718
57982125
35051388
84260684
66919332
17125854
65593551
22882290
25004078
62166207
83249310
35689204
74118152
92387257
68965201
86688569
36723623
91964708
32165824
54893041
82985224
24988343
56695380
33032797
83404523
33006168
87652251
80487686
87234062
52281194
16557586
94773003
81294346
90973449
94898236
32478527
82487506
78229726
11350075
71176246
90215130
19530831
13057870
67375282
13686056
89329686
43177523
17477534
71845681
95647013
50046115
37743964
28259539
69624046
70998550
30986913
49347044
10265247
71616125
11028680
73816691
35126439
47977629
29652307
62963828
88170246
91051468
49195543
47576037
31355751
55828187
21998807
21873538
55520335
33114381
96697063
81137091
15979309
87607535
63329364
50025842
51189070
94987866
67117113
13158616
43616976
87037060
97061460
41747094
27972040
51738280
35674362
71685330
29734983
97133269
98304957
53096699
96954411
51193992
68985125
26804477
66462568
81910238
30799088
72500167
31475873
91980625
69302709
12802252
20433144
48625907
74116984
53479321
86201943
16472393
38749672
52089334
81741718
31116914
21238851
50533816
28527597
56937213
48170095
24555537
80170388
23181395
58500292
88951611
14672854
83934662
14899520
62268072
14415231
36805621
44370159
67052897
49625402
93734189
89506121
35067575
14449760
22296615
67343856
22835621
65679733
25612679
80100812
17764244
18514894
30386206
70361220
23308516
76886149
51516818
24627739
76894407
13971872
80968616
18997910
95563540
69972385
79684117
11637953
44910236
75151641
15878417
61237441
98934801
73942027
31978689
96638973
89967552
78703478
76836819
59731193
59521725
45545357
63608202
38979949
45434026
64993001
35725306
84234717
94282682
52183608
32887329
41603764
37238767
58639310
24131805
15163534
45017148
82074229
24257438
97747075
36486806
49281787
41395594
81379123
65861840
48180561
27509375
43070799
66960373
27024698
62798110
98366703
91751277
76857988
16211641
56962708
16226342
52806967
75115574
91671563
70710644
52662050
93363284
28824170
49170949
27936094
88249231
61178055
87517305
22994394
27276664
16106129
54000336
25480793
40130536
90064062
77537337
61749760
51984979
10667697
21920252
25710829
17331444
86656977
42934328
85646272
82341256
32242880
82978138
76647239
99281012
52030430
74174667
36691438
18961836
24768707
61396952
55354512
20930789
44142129
63072096
47155694
52291002
24242399
97680594
36598306
53068649
87551190
99893413
97650822
43212408
35666012
18673290
37495466
74643258
49770912
38229622
35878590
86045448
76732038
54470382
92122612
16417903
63040606
18189710
64411223
78987749
45592876
32327667
61822728
21676257
19512947
32712713
83032010
15051181
29043622
19993648
37192999
10447567
89683650
81369766
34731827
74011200
89139488
59929084
36613755
52552116
68180164
46282677
48467633
71678544
31611697
87045613
16795756
30717704
53892512
88988458
71830549
24602202
57264278
81892795
16105026
15133058
60717022
34921904
48022262
97897260
73445996
20226233
25631930
89727346
82831663
77301614
55796315
75249244
11847807
74311356
43427186
33805146
61422061
50931518
39422438
66465685
65783310
57702758
77823891
93204457
60379765
74318343
21588598
93774011
44612720
60600598
46470074
56132168
81465352
23479741
52909982
52862391
49413203
77211454
99061174
56563136
23062928
55359719
72286610
82998125
46854092
75142401
77350827
37311207
62643975
33238964
93180033
86671288
47413105
22049038
77750413
11806000
42689306
94762629
54902353
96089946
77277389
60875990
48060566
17765353
69464154
96897532
38291243
41937601
40737493
93251701
39421506
81558552
75068897
43454854
30873467
78694675
10914280
26268359
33525645
62606174
85216834
98315549
97259879
67609301
83660272
66424870
77830856
35905168
63145229
80825647
84876799
70195130
82949127
69769797
91778212
82462704
53834994
12892797
65953388
88321953
40486873
99410566
67398028
71153893
31126915
33523917
80475654
84391716
55603679
41982336
79026620
81926362
14716182
65800176
63953354
31138812
69079452
41769988
43302447
27364705
78218354
53749635
21146667
28501063
78150687
38776094
23015385
66964483
91916408
40712354
91832514
21452977
66151171
65428525
81588359
15814483
82890882
62276067
50441849
76663639
90126046
22772650
73394291
58620729
13175207
98454739
95301150
91682874
16695328
68005179
74004697
43064849
26073881
80973610
48254584
19722773
30736333
84329908
78453852
95376483
47688523
82349081
85858560
17979134
59110367
67553300
32080767
14724778
27923654
97679361
62712476
34113534
51213997
99667376
60387270
42137419
40325942
49960178
28627106
70126558
18787421
14201530
77578622
92088085
51034996
19314064
77418640
45768822
12930218
84298731
84859491
94788567
40889650
69251069
38322431
15508969
42125824
32438789
10981894
80347391
75558777
16105945
56081786
92163404
43203696
78839193
67216950
30705134
49710877
84326777
50029016
47128250
82465379
64196266
16838572
20264691
19817778
27019527
32930876
62634553
35184941
51208698
68272852
23369795
43043152
42406568
44714478
21248367
92762373
80437620
28943544
45636432
23285185
30177764
75710601
63859710
12386458
49897550
83739629
15259857
14087061
71610291
26447134
51657355
69838824
51741323
58586163
90680964
84573707
51913345
30851812
69933670
47367836
14637012
82006656
85576933
50807155
54777346
94183028
66147751
96955444
96782431
79832377
30331682
61917956
23197260
76721780
86476553
73349951
63391614
18158798
67462296
49579489
16319081
96801741
30793983
45192617
86086473
40557210
18075858
38709306
83766629
34451338
88389770
63558634
26216059
46890149
22749680
44836440
80505131
30447696
58147116
62231421
48259698
20477577
57767284
22158108
93527577
63625362
55382114
74690174
65479626
49442540
55129909
95397179
80382558
29236871
10963331
72135106
81059403
17250920
55184344
85239449
74756140
33377434
16085102
76287774
36673596
85138868
95883678
49872758
86826726
58298050
59544009
78712002
21269460
79789902
65132182
12245256
55781980
56590822
51390154
38293199
50903994
80695985
22687093
91617713
89993651
62165036
45379985
26302864
38259552
38218092
27133663
29086809
49211030
96193043
21883528
37689098
65801352
28091813
51313686
20386796
44297107
19788067
28250159
95566314
48451549
76907370
55788200
78414857
51666645
88476466
17667198
14988586
79176016
18466255
57482243
87919474
57285264
95934269
59141688
91296206
65741181
84126547
12660119
19302396
29329338
10898505
81822019
27766768
60356642
23370269
11374353
30936262
45702212
63966990
66672362
20933717
41769243
34543462
72243339
72506065
26667237
63881262
84792860
64551336
91512592
83042322
80721340
49474563
42931879
79781485
21105201
73581775
96351837
43470895
47276253
22630291
79717684
22721181
55087441
35822021
96155655
92864723
55379655
99784829
53763091
37660442
36760487
29952496
30595552
82896439
65736238
31441550
22466737
68092911
90093579
61945892
30894978
82400425
68134827
22151149
66335349
98866625
86054638
80477505
58418155
18144706
20588413
73928259
40214620
72207503
22677714
33308554
84212850
45419901
60803192
91424029
54091184
68697718
25277539
25910185
57487016
20601458
83356292
48205016
19178850
46391870
62508431
48033556
70027368
57467213
97552813
81877153
28760338
27625046
52427016
88936234
41906377
54616965
29873827
44895461
37895181
56691336
84747544
88280898
26651230
11140232
23823456
61886832
19284786
86163922
14793148
25330575
85531481
58862263
49384572
71107271
17652140
86716755
15052146
70142806
44680204
62929261
91186619
35121963
42975541
10650416
76733574
67758551
59038635
86234198
52049572
48543377
13834697
61309790
11230250
59563464
24336234
33365208
72033622
91563830
79963380
39606811
13998773
71239428
23965877
86657813
27791738
56221558
24806086
84537063
34472711
23793136
45823730
18987395
56140194
83648901
48080164
72149573
82712771
30406038
29656370
92381448
77453080
40795542
52098897
32380880
41239652
67808251
64591362
17841145
59514247
84474297
80670825
89939802
21642103
67769039
51675943
89918883
36481288
36642390
30140729
42277868
75857935
90252812
95091818
22855157
92705142
46956897
86704004
11235954
58172393
10530403
26013721
21857120
31087280
79014436
66339444
97015427
91206335
87505288
56395675
96881640
42606490
97603230
31196698
95174541
68982926
91295731
15346418
38606813
44231150
15162259
73803709
80049549
39945889
24289114
52988750
31444370
21654990
47038470
16502383
43796242
41836388
54847653
96988063
18148884
48241276
55853769
68722639
69599985
45749676
27938118
57360287
42253156
86473905
60914278
63978433
35968830
82629676
69247370
89074722
98719748
88643935
64035070
32566828
41894008
16297939
44932865
55476732
84307265
79971520
96035422
63200189
67036184
26107336
58427349
17180892
48289595
90754989
72110179
44862761
37002915
77794744
59331077
51632943
46954251
33014196
89376346
47232865
62863631
51658644
15566853
67510855
99727992
93367718
54493097
82735595
54023931
26357871
19850611
20003301
70429035
65570121
76593159
89145539
33855507
89166520
19794466
16968787
37878932
65557875
42955167
66667496
95395276
29527348
90182507
88374619
63029869
64558432
20609569
76523688
94993400
47306243
60983159
88368578
16465069
20944065
28656585
12794560
43338706
72092573
46777115
21333938
61716758
76661137
86736591
85704375
20161863
72940028
77843558
94317886
42272037
23431189
11915339
71951298
75191531
36664376
96960412
11909750
47767288
96720588
84328537
28867123
19416934
57968674
78608632
41769736
81601453
85675927
95868789
95045361
94970645
48336711
24531563
57583101
38999988
72224075
77640379
51873636
51906818
40543530
20322536
84733906
71024691
44867270
11922901
75528545
69380873
35670574
43441383
92295254
79896108
74868247
54333996
27066455
72447916
72617792
39395120
85174277
66698011
87830766
89629550
69367487
77471096
99700140
96020031
97656582
99722618
94685551
49952182
47960827
65864586
69985650
27630317
88149130
70078073
99702119
43571936
62973081
66738518
48077868
74521862
21376594
57038185
89949847
44189338
63986521
25445123
42000570
89042145
20923304
62415280
69913909
42425148
10005986
48465663
67316251
97756837
97374333
64379544
22318834
15212305
32627004
96089307
69962474
37807057
80207717
40657239
47815281
64778462
63137010
81487401
78631496
27405447
95385845
74736828
22644441
30786698
50987593
62034200
50429428
13977828
24767397
11233977
96099960
78707449
75286490
37098023
78657458
21094139
84665710
52738581
61702387
39545729
42058450
69544597
20371405
52075085
50074930
36580660
67653161
23866247
38507133
45051305
57870736
62219056
11393963
16729516
29451997
98663276
56020877
74382233
68015065
93781768
51298399
78663197
16041666
82975599
79219179
28130238
92170187
80146340
32470966
57052193
42102047
27115710
52074982
11251160
32734940
97941894
81516536
56468097
79247322
26619135
71791499
97778779
14216192
30139678
47492441
68089344
94762528
31445377
87132570
98407814
56397500
92103366
99302549
71275076
52714346
33985596
87736624
80788447
20835075
30083157
26904081
20370355
39394285
23853083
52908387
60266232
93045399
26260014
67280954
64777846
74675249
71478173
49917178
13819797
22113802
84460481
38483264
54908973
22773086
29714775
46228328
17369703
59180740
59117796
17583930
93824048
10263596
94388244
80452774
47792223
71104214
40338598
49004991
37497090
14514853
50074401
40855640
60111573
14791232
12079054
60318378
41835103
66381426
67630570
94637837
80364327
55152622
59237586
79974791
84746980
57847387
86280706
59249393
87679178
29016580
21247228
86169402
97374659
11587152
37434038
89893976
56285616
47666035
82955820
35366476
32654183
17989893
21492725
78796524
53689722
34546411
59441044
77676819
12559376
90676345
40992219
89203800
13185898
58783154
70006810
19918726
42507299
82194951
85871163
64997652
22071432
98129923
93841488
67212721
72158491
18389103
26165198
30561132
18549479
84440865
90614792
75845470
56385277
62063890
61961422
66487773
38677888
11563124
67500639
12228084
39938168
58175414
65968826
75342933
41017891
82274501
10680598
39075893
20887696
25477227
70589344
47684005
29186764
43466775
57337946
64124617
46092213
95060139
28178188
46440349
35443122
88434259
74512213
54929199
25520863
51617596
69350561
80169766
38307880
65730269
74178164
40587902
42481433
50355242
32806979
15913327
23052021
28991017
93302052
57611310
43295427
81450139
78990544
95544511
86142780
85608311
21192103
83159208
39450453
56617209
71523501
42796441
34257048
77245432
27926733
51107746
50005017
15692852
23022061
31283385
97715598
13413797
26560266
41344431
38181148
77212885
26993817
33111987
24832946
56325397
87975203
85798287
91248979
95455038
71672636
87356541
81125957
76064251
29875642
14268969
12180749
31478289
16703027
73711936
82777048
10040011
37710709
10914856
61979346
60698971
94083100
90548845
15816009
51537667
37579287
64622141
51758498
20726770
90854803
77337575
85797259
75336908
40889877
72111484
11324030
30641799
84121182
24953959
62223739
46845968
68214198
24429018
26641272
73134474
33894369
71060303
41167096
42892314
10879936
40517855
42160096
69305128
97880493
93647711
59435676
90048225
33527352
71091802
44169091
54877255
25913689
65839783
17286269
28760724
43080304
87004360
26210599
66815906
37489153
75503860
29309622
82799508
47930218
84692445
54173676
45408597
67943937
38165567
64332872
94675931
59756905
60933966
44646414
44927895
28145091
50311109
84535375
37647429
49626361
41511988
62116183
50346550
40145610
17988756
87934242
13147499
61823467
37847328
80920261
81486188
51652557
64827727
52170129
55579662
56995177
60026861
27189394
73612659
82475762
22639342
92042525
15804284
14395304
95795193
97181513
92333328
13756960
71489130
32032935
81395329
48599557
25723549
87090146
79894398
75126897
36503796
54526446
25590799
24354715
80199056
78121848
67114459
96197851
15196878
73378875
33446609
13168376
44998611
30090553
49996008
24454402
25140103
13007059
44207216
22914179
42168650
93376010
62246940
95357765
37225425
72095861
96683281
47693451
75944187
49460286
64991440
37271090
36457569
17036505
55252850
91675593
65699420
87367991
63682161
29236998
88924425
65864194
13560901
71899386
24093674
96169391
13888071
23979888
30323285
50049735
27916380
43063187
58181633
39838626
34143020
23869382
49913800
25584288
18186906
90343806
74109839
75362386
55681367
87590494
81532251
83331268
19817092
97566317
60939142
27407421
74487321
17083415
89467644
28279001
16953887
86282150
44370511
34650718
78043627
59379584
73810283
32911785
35641333
64198877
27901914
17758133
75137230
12645269
48020364
28963269
71575636
74324440
38385126
44662753
96505821
15730497
25254487
18929437
17088730
67260218
27253515
22986585
49367868
33652256
84179564
75324955
26305524
79250164
41584195
50056897
98229100
73545857
99675280
23813648
37796769
12044563
57313026
92335720
64593868
25754556
87452789
94031304
27517217
45529735
40900895
66303964
16956755
42094815
10748413
27748227
37975369
65030144
51731066
94557205
42803856
89810141
20034165
18976781
13083571
70682545
41174412
32932108
32232910
72721226
31484521
83887552
79503230
81904675
53674659
48145008
48899679
15231882
77498964
29411068
21941045
83472643
74264369
16511656
89145347
13139234
34472660
43371609
72028841
63319602
81382645
95091984
68872136
48220841
68144823
44130804
67520533
31737812
25646826
11734836
94530236
67348935
12384008
41287774
34499500
74068911
16437451
13258112
67187559
61229014
59327653
72496182
40268658
61828207
68869951
74936765
45419077
65369535
88446987
47134031
83135960
87296756
99477557
16490167
15971588
86234459
13905456
17440840
92788043
84583255
52102707
45652989
19522340
77592510
94330175
29296615
59510486
37072151
14197584
97575206
72551857
20600733
18573021
30754326
77453301
33620807
18034051
66088767
64958718
11209723
49327827
12618440
85213421
81472796
98973582
36095618
90454504
45351768
78287010
96209271
21802586
84778790
91256872
53871086
61669404
30293805
74480901
96861674
14957743
17950703
80005943
12699811
24770638
43196792
65666482
95720667
47014838
24746692
44415785
92541538
41605675
45589630
38011037
74610427
58486653
11080416
37329578
69521557
70069471
24586407
67320943
25920962
61942262
13607889
31793914
65882439
10530491
55615998
41833452
59916775
33319994
37124228
67922638
83342374
66984201
81401737
70839042
26043327
28385966
80898148
52512054
47979335
35436439
51914277
46547738
20109161
83753020
71430081
82944607
39227940
68623914
90796415
25683735
69573000
84288362
32787500
13182221
89607073
35642806
54299456
17842558
16432221
89081507
87074936
47300674
72096407
61449518
44043258
11279408
34054583
57260737
57584829
57475069
59928009
36222926
92283830
84785141
73676939
85646466
57877648
55403036
55320665
68363946
77565894
89639999
38228647
68538906
14286604
93494509
97125037
51256019
80799794
73702423
85015203
19319026
97935834
65598245
87002328
11374160
89477252
16548246
18434565
42951690
19086971
33397475
15569516
85761715
65296648
76106125
69805216
55434701
93016293
56020389
77782438
29771578
90792753
36178066
72695768
53125024
68684686
77423303
74168225
66209210
16812787
30744528
95591798
56634704
56571859
46391307
15925719
21353875
90252395
55719157
52013479
37519693
81853298
88886022
45802881
57483996
83834379
53479136
54217111
71519005
88163718
19596626
13836824
36266921
96771399
23762475
79598254
67201161
95761821
10775707
27092613
18276449
91341706
18846868
46616918
10179920
72346151
28582803
98159834
41648043
30669150
82506812
95956377
69070501
92959171
72121193
16251142
67250910
19765809
68795859
62519334
84791020
18041684
53155335
74166347
88330764
36675818
73094806
39030870
54438977
18544748
91402413
48858741
94214139
27780535
52492672
87764402
11252028
30814083
13546751
94788130
88696993
78156569
80908604
71086490
97759350
55293949
60967423
58891920
14623306
12406277
57159872
90549587
34126144
86247264
23130797
24192072
41260724
45877688
29635133
13122215
40045080
97411501
49987856
96682368
44033186
73930578
83416150
80504345
61221561
72562924
58048156
71713727
81280241
74067037
23412634
59349072
81992318
20569969
80432943
84114297
94737643
52535766
67451610
56881145
75420651
22490428
41521687
28076320
86901789
54509121
31229964
50678645
98836795
70829296
58357805
20268498
40676329
17973597
59241232
24274394
28328086
72388213
77079315
68448702
98354231
94416819
42830180
69529917
28993608
31074880
94325455
15508080
44481272
66336516
87340076
92789687
67503445
31310609
68198007
65844682
24465725
84848209
88463622
89932495
37432374
30125234
48794090
63280382
50862125
35822457
66978513
72616894
67434744
77603646
56544108
72240185
12278435
37520057
61011959
91836671
16488790
21038560
15255440
74792333
84348737
98368054
82902222
88028029
58724486
73247161
90248283
99008938
92722517
35900890
36106367
44095954
45278325
41856460
43991879
10071347
92836118
36417279
30187368
53937644
98543191
51169885
18527997
55292022
97796237
67949236
36245819
61877782
41380098
42899630
18167068
44547171
68762121
67080133
78362701
54122731
81028267
28672045
46990803
75452638
94158519
84559758
17126909
13993232
23581872
63796820
83785707
71963900
33034458
14350765
86769511
28975450
80940188
36975192
98441107
68225894
47204355
36515254
43740463
69561449
67030198
82361946
95769273
23971729
69623221
22109546
67115147
65359487
35122282
37650535
52422350
97196551
60559020
81258701
69208637
68221531
16112246
95208747
18191153
69081042
62604783
65424270
62362453
52146267
93536129
71705417
47612728
18781668
86176596
87622646
27248947
56369036
15429078
37417337
54679119
56818872
31136618
52356903
46667200
67366733
84840340
65647569
40319348
57169239
80064207
78344848
70529019
38058714
20472778
37539446
70003502
50178660
28870825
79707345
62581630
14693128
88852962
93236523
97858054
96364843
83279534
12528176
25012663
44260916
68745989
95259512
59982718
62003483
66434907
58995219
12718113
21194125
93152046
10220088
49204197
52291017
49042977
22845978
66945587
94961570
44644684
97837389
80950668
29287856
14393183
62988504
82561097
87804204
51613925
23187796
60447171
14894514
59882434
39032206
96750805
69238706
33015629
59023892
26747446
48794471
93818953
83544172
76821704
25529856
35014355
41863597
77610328
99843911
46199688
55332508
10815949
44527158
85259416
84364300
80206151
26073839
72611364
67997876
11851754
39671728
75641972
30048803
10986487
18232620
85589746
23712809
29297612
44553165
26536324
46071397
19028276
51394037
52577113
12101635
99157538
13345909
32057728
46470778
39515941
17542153
29036213
71380812
46689657
47314841
41008374
66339517
76200959
14526238
96514081
20751215
15466684
58779889
86850178
29455006
50631590
49782218
96411880
63378740
88000126
37973448
24384759
27484386
52291962
44880315
83675822
58843807
47819303
15323687
57303822
58015252
28974611
60990573
28113598
35555685
10298678
48783630
65211006
48397892
76302703
57500429
51088141
21356519
12487470
59602442
15186035
59174418
91378646
58825489
18200193
68132056
83257363
41087364
89863434
70414690
58360972
77032035
92912994
55703109
65086562
61995417
57910383
21291002
72478464
28734176
33322814
18233586
99771759
77989327
38927237
17853537
65795829
40156672
73333677
74725067
47670351
65727015
74897763
62997718
30217670
53037097
18917313
83429046
72489332
55949255
73123653
64785742
55451271
12536875
51370855
93621658
10495312
25992334
68204539
24853453
44502924
45639315
90986653
21837422
92943447
63666109
67796700
68675867
45969178
86197256
60356029
34106446
88342722
79786363
63221226
63599806
28829463
14485602
97475895
10501392
48413191
52103577
28649759
33989403
88015848
44328500
30978053
94468818
89849392
83713811
31509823
65550384
53424245
70090686
20821530
80937996
59688230
27371152
20916649
93333057
43321054
54428884
50849188
25357949
80721991
37733664
78297425
47762168
86691946
59259292
44565538
44943925
46686938
79309038
48752049
17913374
11306713
93288003
19287425
28840480
35582563
75878055
63929839
24855693
94889546
98208496
52603280
28308859
55478562
27685613
82164809
74851199
42688536
68566651
20196978
50292669
44490437
21726965
22199883
48546612
27918668
51026045
12623514
73374476
76680676
69556802
77945304
82714798
86398649
58476839
64760427
63758952
33732200
45132986
81881602
24866239
66903382
56936827
82656183
53770211
15756358
73710446
84760894
10240517
78344753
92395061
66465571
47517735
72649351
16206646
68750653
50057545
44244808
50066014
76318638
41935174
45038752
84801067
56873675
56003026
14303313
58815529
34638011
82144183
94415923
34371857
68009800
97091222
96944671
95987698
70190717
72702606
30892584
53366398
35907291
38585944
62269189
46751301
16740348
28973379
68292125
65814288
40537344
20821586
79815915
13556486
23315375
57198260
60083928
81058475
71820428
92020549
68409676
96260869
14352512
19307011
32720508
84160609
12389441
91654424
80929167
54397181
18735819
21190021
65566739
14287218
11381636
92185651
33836845
84897557
86324693
17171016
85826971
62758713
89178990
42877505
57939053
14991378
83135648
53651636
76379001
51678294
68201881
52229604
44585142
54402612
19213650
10201589
10290450
41902773
84446446
60997487
68599789
37948810
99900423
63569782
37207314
52891872
93610400
55468332
78184395
64453041
81085682
84519041
83224971
25245286
84270993
87312565
84363642
74397081
84294118
12875863
36957204
24549980
18636169
89118037
62583442
42734538
52730954
35721235
79697128
43443850
84039575
86366377
21770156
33594902
52480476
15379012
82029730
79392739
96910713
84646032
58883338
56836507
52401158
12757130
35711755
93014473
90236552
15416578
20711921
59207731
66638525
99071761
10610529
88940545
97645752
65436804
39723018
11537713
72079959
44046876
53226720
70487896
92100210
48286517
71472079
46924465
69580521
90813187
78733186
79130749
75747343
96962128
32715611
58006137
37804222
17933893
42826155
80105499
53247960
64000174
82881045
35308430
89813001
84155403
42379122
91901943
17752826
21081897
74963565
94773298
57354141
20217509
32238690
48435405
18111619
51912677
68372761
92772212
21258022
11818940
47412906
65839432
94552903
45983032
43136986
13606353
25812933
32859889
35947520
15984293
15638183
81283328
63865085
97453288
15676789
96224647
31135689
49354314
15516062
77126651
21310964
75738796
14968130
12336343
91948906
28123509
41625138
69490619
21946368
90513779
77683644
65180109
41226765
43134057
68860697
41062262
78948380
43426817
58406872
13544054
18929005
20183381
47374995
64779992
15979440
75501962
46205337
75337749
63215777
13142394
71346185
34961878
72173362
44061013
50847891
63783509
84536254
77027604
86355420
79690983
27069948
99282902
73561683
28719062
90606562
16049535
80107185
63129741
58826188
39873077
34533334
59730857
35542559
54962119
55380778
35741056
11024317
31020159
29124260
84874494
93145809
29877695
96704591
92476353
54308503
38484813
53676117
71867140
79685695
92828004
60976205
65099868
25876354
17882401
71404215
22384166
88038214
44607703
64254597
32752994
60244711
53350531
15235803
75604123
90734966
22119113
91112079
15120607
42253515
87324322
69229856
22689046
63502651
97073035
43657430
14625022
68532928
33791400
56941950
93662023
71184720
47288925
62050833
30967013
47971540
70651548
63498579
95497927
94179590
10870280
31948095
30980885
30757143
99412658
52688085
41032415
22395683
22531966
90016028
20361400
41303252
69708831
20561523
34464123
73502945
32228245
82072579
75854920
64351273
55939441
24789293
38011582
17714461
87715069
64779376
72781827
36231672
90059153
66301704
22030843
84708444
88425100
38127013
52419506
15470315
42956848
50975694
66752292
20924664
27483822
90708275
73790532
75694287
82960659
61549745
14020300
59675866
16846264
72167698
81525185
85508321
26696495
65402584
14859648
21816089
94567273
80440860
26157540
74796398
25512655
53383713
11302690
96691764
17654188
91775089
69345277
32167353
68268840
17952648
89314621
62497228
29044155
80446769
77925165
73365872
15983435
92489573
12559230
43673103
23354077
65554872
36641109
39944743
46957561
60912446
83032285
84915982
49057498
93666591
96790882
72919405
28374558
95263063
72946760
93076652
29822159
12553151
51117634
75336344
44542573
96379960
23595452
10937577
21073668
92096563
26331160
87356724
94534641
84444423
65289388
76940635
75367269
59394564
76092765
92899234
23669888
85357585
18366262
76924647
89801113
61199132
15352350
91264596
24653693
91346530
51081204
61962514
99717926
95946635
59919986
13534140
15827086
74233496
30461819
75429182
72096901
64570045
40379872
31947204
50165253
45811051
78721662
87228023
34367543
92678671
78078056
39053196
29752878
42774312
61168732
34344791
96630770
79239225
66016961
45598752
76233394
36101001
86726310
69841509
90255089
26510093
20468029
52663711
20374088
45959589
10515598
74057869
18676031
82253196
50344017
71669357
48803474
10690374
21069921
71568366
94177066
32680645
29159550
21019896
14486613
98348056
54811809
28717025
17745138
87779872
88279935
50748905
56099219
28691850
54283013
74023680
13072494
77029299
26392187
80358237
56349233
40090677
85055285
77517545
34948860
68548597
23208303
37819143
67798052
51690526
51572089
12292732
21701046
49808907
82610215
43027414
90836850
55129524
17223793
79292698
56021842
48128175
79282923
58582717
92533120
26712159
11876185
25244575
80322488
46523894
41389531
64060562
73513757
45359225
45536036
56258505
43604325
26084578
29330954
99560968
37608922
96029929
62086185
70005474
12576417
17471645
26395495
75835173
41112512
33259859
49112101
86727889
91552238
23040286
51206049
63634911
59719225
46769715
57579975
11450012
86049325
54851260
95414777
11616823
23823738
32591553
35125373
55184038
39218111
45138428
92936607
45199899
93346616
34408657
56808209
91330614
76966734
78419887
15040210
67450542
47962521
48055974
48768918
24780615
68088001
38415929
61087623
91613411
69486765
19452739
91000184
14399936
96354671
82602276
20417330
71475783
26249962
27519294
53248745
93915585
77609220
49985129
65176498
77401452
74574764
35064605
32391802
11523726
80260493
96476874
47133426
61814347
12102562
15461946
56061690
64407795
47751632
21162046
31931563
77164826
45218289
18780675
95743738
30512368
24905822
90848756
36482139
18936774
32401854
65124176
37952903
58344481
75572725
56301565
73927575
50550833
43917020
15645237
48464602
67172450
86204399
70319782
37728944
28357106
84803588
62646519
97017037
74085724
82448429
59715635
47075173
27738871
81946865
52784632
77933641
61652996
72298684
88310510
52859372
61849070
29457575
50986807
36621568
70677504
52527207
34818888
68218460
34542418
33315754
11824557
52446611
52489995
19993384
42053063
36144180
19321900
60868797
38062216
13441641
87442301
70784446
48205141
18854293
57215936
48053464
13851491
44399336
59065325
83461367
48758153
69411404
76601740
84078824
53340554
80445303
30413109
32975318
47914976
85811201
17303736
74125058
56583293
63014890
41659830
75885737
18197355
23643851
96959155
30088515
15913794
95236124
91817102
40252107
50193497
17827894
38521483
95205778
30829209
74324512
92189429
82982690
19307499
16284738
80743361
99126158
82865657
93104285
48048693
56185652
44400255
36683640
31913842
27294859
36084581
53304224
90323273
35359693
96329645
19222766
69905900
30842993
91301803
27178865
56755769
93878492
53711814
81519303
40003526
28437219
52999045
82081852
14576272
91159316
12697562
67676649
46309985
53488101
84021727
96571016
28245952
57379294
33999444
91840737
94896476
72960272
33252933
59757983
46447047
59559288
48757654
99351367
36397217
91451642
81545322
67735764
38453152
57225043
68877405
32186852
15577129
50308769
34683786
68029900
18484866
85097062
69665235
85134913
12806548
22880927
77156688
92802135
40978232
47983521
73298878
40870835
11319259
45843991
65689076
60911076
78590829
45111252
49996348
26678010
83278858
24741937
17771005
69199496
44556992
32177436
75319477
54891669
10368889
72092565
72293599
48295365
30293778
87439172
72375990
85416559
84006285
35968451
35736040
87040207
95427233
27292674
12489285
18152141
41029622
50392189
94933968
85618028
38196487
67124420
80492306
15082842
81021948
90374715
84466325
93236268
69832395
71986250
39215626
28745698
47268665
10233400
70227912
83313949
70995161
44458578
39517076
82924326
24353052
51172202
90456932
12825990
61937130
22131681
24522735
60389650
50273575
59898147
75859240
35629566
88036218
68734029
55805687
54040180
20598757
56247640
60542146
31095965
34539908
68107071
39039673
33770343
79184546
20751509
73015707
65936137
96170542
88324445
97853655
67032822
30941665
23496707
26292995
79386583
28299054
86062372
70959510
26844419
85170129
55805935
69067445
13264555
72110696
23395693
96052934
49195788
90157498
47532789
74248227
21200911
12376291
67097220
27698553
26431897
97322192
77415325
14088230
12534262
35361467
79239895
84642471
24116046
68518113
88024156
20739052
80898925
38099753
86682803
15147636
90481557
84550276
82450528
98971432
41088801
16502820
23951300
16361490
50418854
20706934
95904059
79769879
48586201
83297229
40618389
40082101
14337758
44610346
36043564
19191758
28913131
22364209
96192622
75395464
34755727
92241840
57417684
50342156
75964049
74854704
91267015
13852912
60649422
66369573
89293582
86219063
41507853
61660533
32813928
72650111
36638566
76256923
69291229
87206243
22365698
73914424
79173947
14875084
59275029
59530039
96168892
30184770
34232917
34036027
81092936
55110379
14089096
33700419
51815073
17501590
32803365
67886598
58487304
63465738
79919894
86968187
95777858
70510045
30056559
99282308
26625415
20554689
43823256
97315845
11197895
80662341
95562779
83382484
24113861
14895369
56632131
41286183
10757453
84437239
60617624
68397861
81694508
96718709
52541241
69097963
98034438
10707770
72124750
36054740
62711055
28834158
80750370
74371870
37570943
45119669
31306160
71953543
75854462
86259986
95352945
29620655
83762525
25672651
32067267
41621505
13569539
28027610
43068024
57616024
14404434
77881510
51763932
22117458
41390127
86712093
51009747
70284608
51094671
32031567
13160999
38615141
63716058
23797399
74171818
27602840
64481655
81339956
74899499
59107818
97666967
13135690
47166878
87744094
45619265
57684436
61601672
67531268
75780768
49906481
98553847
86788837
55418812
11219835
94181667
41182488
38027082
13181954
14436796
80182119
43786234
44722786
18757576
61565006
48173111
99022294
45047857
70953502
25926738
94134972
40196550
68819773
32295667
12414621
78082572
19780718
89960460
64802038
24066997
91697813
26160878
79244466
65152207
65653898
83788965
83380829
87759910
87835401
99628310
38484640
17937768
56723901
81439452
27638969
12231223
22441604
57916936
52662742
48396325
84894788
86773493
59351680
69086112
49246833
87791896
93550824
41282200
55529184
28016842
37465093
47068237
63306388
46606491
54040700
71324174
74745375
97244658
49159390
45598489
61543861
97218179
60549528
73381167
52449431
12549714
28781627
94081891
56863511
35039134
96936873
49177558
26240221
63310162
31166649
75603976
69149130
52038374
38872147
62822533
41528329
31003004
49806564
88102613
30101729
14347885
64961301
32444256
13881929
79311017
46362287
69210953
94809341
11320709
92246909
68724748
40454070
28799491
89931027
24851465
98465851
21287632
61733885
73855607
86164798
31802242
68763001
45729876
92229662
22926796
65256404
63248420
34023510
53948498
40078240
57387030
71105114
90633577
65063211
59814324
35241632
97295569
36943267
13828720
89503757
71245610
89230237
67208709
12866701
37437266
72739290
57960808
36868322
89274672
33761429
48685672
22512422
76655475
29532863
22994196
70170878
19593327
78561813
18710287
28663938
88234362
85701127
58132923
72554180
94858477
47689301
38270623
11648861
31477388
43801113
10692891
60809207
31002868
93541200
86037419
46922226
44312812
51330171
64695211
23923431
36019815
16927241
84394963
70674138
99475289
65109462
55949141
37594143
46004827
68566352
22301867
29224809
75844914
93101871
31410094
42132959
38685230
86002848
37519872
16935933
14902925
70472845
41382544
30634253
72064678
73759298
85971141
53884673
76398804
61080978
35520718
47614044
42277115
69753714
82831369
71726363
26153209
59154687
58961982
64380967
58337388
30394643
62419917
74090943
87105824
22951023
46943479
54399718
47816817
82105288
69488759
48377157
52880664
45537731
84338145
92872909
15973423
38193564
88084005
12594786
79528198
55144764
10292201
43070324
81752143
78086094
36712983
27265148
81434389
33361355
51101013
77812852
29674505
84574601
13840656
90989172
45560754
29493381
33251425
31761187
32995256
33174449
27263655
47331227
94047308
40685599
72971290
74511609
25593813
39305809
15795710
60781840
87473842
17467782
88230798
81218198
35448106
42135582
78048862
77360721
30409492
17475410
75330963
87321276
64664475
64259901
20074562
21857517
15669902
26929289
50108066
97795307
64390680
62693399
78830245
52059220
81220526
22787701
38568760
57913708
13576038
88854866
71180988
99905534
46624624
56386425
69695233
37007115
53617793
82114723
86320112
26025607
53058411
56300183
77862346
96257260
69328389
67342733
52235916
94180593
76471826
99601527
68597650
54190631
67306812
87055983
13023988
39376145
31434053
35847736
83548986
75104257
71465933
99384970
53854660
30353509
40898384
23632455
67248019
78094409
88177659
69514546
99527265
38764062
49221132
36536646
50056843
47271303
50040638
53925370
79772633
81169161
55566595
47125374
16136344
58608566
18121798
91533512
38440718
81805981
31950719
48175112
92427409
24005133
73846812
97264381
42868667
64071113
88647934
12368600
54825687
81121643
54081284
52311579
36741805
24287783
21138689
93361848
20796720
60982247
60532364
89824704
95277416
25473207
90562709
97217313
80318974
71558551
47070378
52780313
29976062
74368471
35698875
17193411
38177053
72482123
87600700
69005217
40896454
59713203
15987489
88325130
61173228
81885353
74212969
40852588
36054905
73534476
33435948
14798566
71101975
11979082
66283593
58257911
25735047
90613025
69835394
14973602
54523359
27127897
62220865
85414916
17751444
37127608
68021657
74265388
74060090
91828159
53001648
16872643
41077716
94676282
79081193
31482428
78728264
24015688
39294666
65089498
58233579
65857002
63576647
59059702
29095841
70719703
48357776
58030086
95855992
97485482
44398528
67316568
39412969
15200602
79704628
98900612
12562000
90416267
73496871
78245889
88037675
33528463
39494782
37099722
68842890
74933612
60704182
58721065
12956131
64511687
64258378
37501863
34398831
91655560
67639981
23837999
22765678
35366800
31455702
52448824
51493540
94737135
36858985
52495580
94752255
83777790
62584191
54132144
52135611
36119956
23494497
13396398
80345854
99234317
93097916
64314156
51228087
38113478
16827988
62826219
18600471
71000925
96094437
16631625
43034411
80828817
70699788
16509080
14545607
19688633
45876085
77797637
66726797
34989746
80134745
84827743
48872774
10170722
95937885
46358823
15928453
31245022
90309432
15089253
76814471
42031546
13176454
17104153
71514860
57488193
59024659
47091941
27947665
20044228
69308207
32993728
70680792
94220251
61725603
95175279
30678597
18847626
14720818
66602699
26316185
79290310
54440619
61917034
24849919
83725939
95954907
62324333
33412765
32484653
30166314
80240941
51029338
10485606
27262063
27590061
46515137
86193950
31810665
37618382
28775100
56298117
48967371
98918111
52686828
23169015
94534524
74491876
74195666
95509290
50907815
48253700
24437916
42827153
71816095
81338499
29465983
69945522
55628556
81620664
71860468
31069895
53236772
11758649
71211074
46855262
84257565
96442992
25747428
62769806
58865105
51768162
42939650
19595216
47499623
35598176
72502952
43400857
40777046
99727914
34377209
84238238
47131194
20690813
20662118
50070716
55914571
78106210
17178009
72832347
74557010
85029708
15957528
30480355
38059099
90020731
95170681
69587891
29830235
35438115
83135085
14925673
96104675
23547083
91505759
58033613
50992198
10820811
76649831
10292216
81769114
75375617
59800237
41377292
22231202
54968631
30941444
99261884
10557678
78739454
63969792
84275398
24856663
87925255
71526441
20604271
29776088
37404996
42267357
21015773
57623320
78445553
27781049
36291596
61841061
23280556
68949729
16585959
42846193
68109126
30582108
72174078
85850971
75832177
59003011
43217966
24010401
60622371
13682677
50159404
67343222
33863464
53060306
58220657
15228893
51688249
56619547
50304328
94049060
67780092
17074964
33497104
36442037
73250216
70555154
21361018
88066056
39854749
76659352
85557334
81814363
73220573
20294762
91825708
88961382
26526910
42612439
23963404
84864848
15958282
54045395
85994969
52225048
11831836
22057817
70187799
59737236
96285760
92772447
30826939
56504794
14085244
22916201
72099775
10959656
29515543
24971948
86701303
43008478
63937810
55337986
38390236
74173316
92496456
96050405
81981481
13181400
36960416
98054841
88526093
53643253
96255686
34032116
11912990
70005241
86576822
52762618
58690628
96823024
50034721
70957068
27727049
49749914
57869665
18197584
99171585
52040891
91539464
35944185
34971475
46806170
22506627
11482561
52572801
62990420
70248475
27707268
24395063
53560404
19241052
34397375
27596690
80125001
79404273
48079128
34191993
88631409
15486495
88598257
70937846
46516150
55290595
52122804
41841124
39186684
18139062
66420877
30502425
11866310
72772510
40387016
43654756
37067238
14417301
67484829
87996911
29512719
11376857
30557187
42835528
92751458
95801429
82278790
77860710
56218957
72554559
13438257
83253181
49863882
61667071
50710836
65966436
50139287
91414765
94698906
42410368
77734154
63178790
24047207
91403212
55633907
32665907
61594493
90895504
70044221
30018864
12850061
55918221
29383733
91099093
51493150
46908824
12215778
73509765
84394128
11620799
24627087
95714514
20670326
37735359
93065839
12418927
10073368
80658890
96361949
39144449
33787109
77241595
22972374
19747700
58157771
67127174
96297088
31201645
82415709
19304278
73182589
90195662
45458835
30350482
47711303
55785462
83461252
79698377
47929343
66292887
48165888
26321548
63498965
24047617
95750373
27452332
12023243
16547401
44081895
48864042
76968601
30643705
11115685
47551714
62744585
37229696
66569082
91597188
60799833
59838818
69849225
99946655
67216732
22988242
36583053
98585009
30140260
18247830
78255696
94555090
48259224
64303225
88150697
34030483
47538652
92378740
34690722
11895571
87907579
63085198
29804774
59453607
96251739
90113554
59820920
53602458
90421522
47692431
44869604
48834791
76276718
29606629
80837954
82656887
17236606
23507362
87905298
38851522
50371213
17842375
23637005
64360399
29686948
33093493
79327467
94978072
59850459
75772387
34160470
70224616
82978057
40122218
72295312
30378342
80790812
18331723
61643925
41079228
81153062
90626014
70748066
20523640
60603449
10812729
68477588
85182259
13870351
70906688
59711192
12224196
74117977
21004504
88721065
35517885
77264161
73980384
23133494
55125516
71532233
94987983
18062482
76880970
45324327
52645453
69935234
77134016
98358436
62363449
14988789
85284475
82877076
32778792
68033757
99201802
75921927
67982733
23438365
33760281
24363915
72820107
21683074
61863996
73764891
31032548
73804727
77269249
90949479
41979846
87507271
86007515
83252419
61050995
89491107
52085165
47094315
47606667
11480893
39848899
10149272
91189950
25419553
20800677
78015836
68899527
16647077
18800991
96945634
13712734
83313096
54128537
30072738
81869005
16068068
93350408
50173332
43795123
31972705
24703115
35766958
68766715
17667878
25621659
86544804
87919594
22546414
17165461
36735018
69348639
62174696
87214127
25498307
21842555
54045769
88872045
69605695
92579737
19737482
10246359
86477732
34225134
56156684
43426941
58461701
76575471
15550461
26616657
85873895
32693683
62730713
79106210
40827015
60273023
66322844
73744960
80576668
74610495
81224379
23655962
35771392
96841081
45406325
37106177
88993073
93386802
28139699
46398215
53907257
85258247
92189663
31265740
47079890
36539423
29507108
18747416
90719085
58960335
64075337
46786683
99223240
98164016
34891566
65158572
18126257
49511529
55521905
91009748
91286694
67858088
44293632
63237157
73805838
53996719
19169209
32923523
68288831
22357086
34152324
79912858
26534165
19759707
77123608
58960675
58993385
69925507
76924477
32815575
49065559
96836194
71088270
99123744
46734893
16434979
85396254
72318242
90645054
98254236
44076795
86754590
42288397
47580558
60151975
69340611
54039244
93977348
98135133
86150265
50477283
29755284
10772947
58037865
13024399
57068871
61097522
50618530
70178519
63753258
81590022
48767907
70028525
59823585
48267606
99197408
34976674
65654641
60097672
68608974
77796844
73985299
29996754
70340198
61587983
10713346
57754124
83286362
37759292
82022036
33952087
22099162
99147483
58853032
21791327
26579665
81159589
45371981
69245274
94239584
62791461
67387192
81575027
98055935
39348586
40819817
37007071
61442139
59507423
57604082
33631248
92108462
13839182
16118310
79335894
30677298
47154728
75371627
21576388
40938684
18099300
94203522
49282630
99934408
27145263
90060721
35069054
26340859
36266870
54899154
43413277
92783700
90860300
83859821
75027330
68175006
56376887
94178807
53763941
47781660
99537774
88407012
68410616
91942500
27372498
65354845
51519159
64588762
76805618
30271116
12792346
91342452
81627107
74367068
24763422
99286939
19941589
38388065
16309193
52655089
39745230
98424596
81963946
44093353
97218538
91965238
46848558
77494228
59701038
84965642
97600198
73834374
51359881
63930255
16544744
80578105
19260638
71141646
15207756
41251185
92796901
37890568
34872419
63980345
92550839
86022238
33267189
74242025
23693159
10490389
39293073
16134408
42818590
53920056
69272767
95837390
25920938
97104086
16131800
41407868
97636438
58951133
60418114
73790443
26878498
45711151
74924906
38181366
38218091
67587290
79778393
52622190
22733747
92114797
63492231
57133947
35054548
38884627
16809992
50503627
70780549
63403739
99482455
30835109
30470228
51972984
22310790
15681427
15409218
14135812
35237758
66764673
79352880
23647166
59418175
36043489
17905434
55133310
87727299
36261659
54042827
36346142
41534762
44198236
20286577
10566712
21057485
87969854
59002213
28385790
88134430
78418993
56978343
72952852
93007814
83744649
59597521
79757344
12148592
51186247
59506614
12718020
71482207
52474129
40429582
13268742
91387552
28790417
31528381
62006162
63273525
37908635
28770189
54741895
81817616
67834929
34447553
96736601
67970027
37611475
83957730
58843926
43221914
78812961
84613251
40748582
72533597
75074657
23602832
21800692
56669002
68110765
61621423
37899291
42989861
19332739
40935168
63983309
60643826
29401227
99060451
38637751
91149758
46934755
51506767
85618910
71365091
82477254
59914625
79302999
37940940
80830192
31556207
68430171
99451488
40898943
48615117
17638117
68263001
33416890
26358977
22075500
17270453
47940471
73191659
35261409
41029193
43793837
26633610
72437532
71549933
45466297
69078891
19951367
32912506
42505696
50413801
15190502
38237583
42793832
51754799
33462024
61415531
52514783
81472201
95794586
88732237
13576900
86826507
76533312
69948026
72128462
84901062
26813946
13381207
81408377
13204652
91451463
82586333
10007629
50357459
71416010
49066099
20432056
85551210
54928845
11884179
88973463
97844086
40432040
98868339
39108334
79839067
25891053
35532052
25758501
90491689
86976316
10512582
31563999
37509760
58582913
18125181
22055428
13813216
80519071
51658049
30198394
52354551
57352085
39691525
67687768
57975468
42389948
58220926
91337219
20552046
91062197
19467089
45943620
13631159
21300122
58285144
67102649
28575346
72836866
52215649
61609079
14946415
76570637
83140195
74478245
94137099
59072933
55966326
36493800
58193438
62895064
72764270
92319606
21149859
20137607
46410564
48960979
46828291
23266579
51826507
35545574
29337720
89583451
70957163
76623925
20233937
28416791
53363257
43792952
56700941
25311481
98985945
17528413
25804113
13788238
35076388
79725032
81113710
84649920
71593421
87166858
36793014
98157522
89656080
84920563
70145522
37650775
73689916
89493379
88447048
48347330
26872446
71693809
83050637
93593387
38638101
22720485
69788857
39801156
23590678
72967614
36801472
32152426
49829242
48916380
53127153
80379906
31940281
41913708
65276659
82128604
44344997
81976058
63381865
55367915
63524382
46989820
78930911
96089818
69971644
33408639
44996767
95090374
16620434
61047194
22333129
50027185
69098911
99879188
72087956
16994777
10592082
87253754
13651069
32943532
82198633
61039304
60094614
19518667
66720343
12126886
89967240
84172548
97495942
17851158
67153583
95210076
87820935
31979250
74129917
75192930
74808594
74342175
33548959
16822147
28798899
70497080
48685825
86058487
94776596
94221446
66707738
64936895
68045024
10670128
91996891
83396144
23988479
66687353
45672335
75991981
22442033
67513669
33697252
52355586
12883743
38437791
24557631
44539447
85198864
55746097
31992181
62508612
52167612
35283638
16321503
71374298
15542122
11626005
61174581
66856391
38292308
21063359
28409376
70298889
39384405
42138912
33309838
63432399
17653600
37947436
43868536
38271530
23335386
33750607
44130210
67035098
89923825
54917384
86560033
21176919
47676423
64827823
50046979
62421158
99354841
42304266
16179964
81554791
82716856
33412828
60942303
66805566
32299241
42395733
40995996
40735636
35753313
83708612
47815486
23206335
88655861
87924921
85834501
90441551
35957118
76608859
19620057
49453572
79249952
22433653
58270997
57624734
88749943
57176400
39457943
60277241
14646105
69562514
35387300
16681681
62024923
76004069
96667312
33399656
46506022
51814931
93263464
19951513
31528948
19631049
65663002
34061112
17079485
98780905
99928974
71265264
38271667
93294599
65649431
21421773
18928034
77479070
41999741
20483189
73318917
20701497
88714620
93483279
37351247
26240352
88751693
80053869
88221146
56068117
98463659
93245611
96480208
81004257
33500094
68045682
64486990
25998512
84747609
98079272
19264030
42332983
70561189
90329822
70215084
25562689
81785572
39921874
79062775
92791838
69319034
46837769
91095529
26318137
53210268
97876024
28577937
15355187
37223602
54512550
70008112
67075003
15976189
45114264
24929597
51541942
81043455
53541699
80938503
25493492
68598413
82911955
40863965
54640781
96394482
85942519
90212263
81904771
88827662
60530527
40378772
52676006
81017906
78960687
14048440
89931655
22595092
87637399
75106622
61979501
21265696
75531122
47808580
51098679
59856593
57675892
95778203
16991688
70343378
12464188
38321291
87292644
77836161
90331926
90517943
21278551
23473101
80006600
56343285
11971077
12134950
73078469
96645939
38641812
54755534
85059680
92617645
41794364
81771520
96060575
91404893
42646558
71383285
51342546
34812995
12255824
75913043
18991520
31573199
80009128
42604641
30542785
42037154
79758917
82736460
60206371
54169831
98674120
91812740
70431609
11830268
53055795
88334275
15973546
85918947
25318555
86111374
46310920
41370374
47591815
88370945
87190641
66477765
38604196
99969313
14633180
60409696
48707849
18178999
53611780
25918314
13842161
83080959
68279387
79087548
22436523
68348286
93091550
29197687
48033912
86273324
89103611
74296800
22100965
11632178
62695066
70393292
22605582
21173706
67085419
43313478
39511661
52610485
68542517
87002516
47552602
39340869
96633061
34368727
81821627
81515386
78748218
78806225
96492165
79987425
41044036
27925369
76744471
62991718
44165878
68490861
77460170
64718536
49445845
45746257
84580572
26102662
37826890
47209235
97375253
71362473
46070546
65687174
19680508
97985153
29221755
35043271
94536943
78687573
56205560
55150462
24496314
46637829
70707342
70720890
88671928
26270124
94870523
49019445
63530870
52142979
37746696
36200223
37647684
98339278
98027769
35371860
67527201
49016442
27663617
85054355
13858946
73369999
81296771
58449581
99522756
13858196
16008612
82018119
12372983
61425039
41207243
40533661
12357714
74727062
50911925
76652915
41451949
35794933
22234264
31988025
12120288
66645974
96364960
29288073
57379541
25915201
82787856
49299575
53336496
58298250
59670980
48332241
47298457
23891446
67725529
80944181
49864183
94254194
84206469
48413737
10135497
70620543
21613901
56434932
83372256
92699808
21155467
81487311
61075788
61492047
73726682
84051844
92986601
74050118
35697828
57929629
58380916
99572625
79855056
21584266
63779498
17437907
71937147
62846792
98386927
10121718
20468658
75101879
28504349
83635574
38806859
73856397
75157789
47606168
19894462
35044240
75039515
46736262
60454435
36394246
78980867
41292018
59565406
50528744
10645431
56113693
57684025
40386917
84829230
56403008
64711961
97607212
64393281
90715947
45796028
69364514
81022521
17259093
17797570
63043883
39920925
19386430
89873897
63696184
47370832
85130058
27912508
28008495
17793228
79123974
95383606
63844418
22084834
38121183
61206002
68724865
45901182
81495793
92577761
94790467
86453101
82320968
97775501
92745403
52633075
21432238
62436341
82563125
21654385
71504855
61485759
84377633
15733720
82626638
29265930
43505143
86761054
22830743
38166183
59096472
47259046
78909938
22017664
59377822
99688238
91357839
51461554
98830768
69109290
21739508
40840706
20656446
29849315
89827481
29726249
85419121
16099466
73383616
35066405
35624701
34775448
27954342
12893547
19352380
67811867
66733017
31292794
14852809
25555559
65119602
47482051
75435085
51388459
91028992
77843875
66947557
12221435
34503946
31981093
68203557
13565959
31529749
26795202
35854335
89449771
99365981
40955538
82361261
45936156
68642846
49402699
35478102
72965708
67294292
97853215
22428340
81718865
92193639
77235977
22447981
42394211
17189896
93245630
74990729
32804637
27532680
33498096
95585043
35738340
27112433
90905280
54462990
48919807
35465576
89240323
38251991
15456755
93586734
82136456
11677950
16979315
86890360
76942178
66531481
59054383
58470224
78586886
55956191
85683912
45979291
41369317
44616176
60444175
83451566
13931550
71721614
47434863
58894855
23257826
43349605
90308086
69053993
24819074
45538335
44320084
64749603
67413085
74836028
41168318
51308683
68714351
25678714
24406687
13328402
89625170
82551301
78037257
70031049
79523463
75254116
39981547
52701016
13844275
19491363
60771547
34175545
69411382
97580813
95840368
97934379
59621622
91823109
68234417
60179259
58177985
14864962
13212267
32777968
63023599
32908428
68196467
59308698
21713682
95898561
84738323
64389756
16070812
41401605
79837247
31126617
44961530
65492134
34513735
27267870
88444057
85426813
10726046
73020448
45292610
89819143
69586583
75318112
88069259
71896505
78862111
92924978
45897540
49002845
21041417
49135508
88707678
97335206
10723986
14642428
41238097
63909477
99111212
94397090
78944732
83590715
83245341
10281186
37345288
75708288
88778427
50912400
91060793
72998191
22070484
95669379
81823847
16199243
46725710
97904261
13065397
93873221
60211690
37649446
30013459
44293105
15318941
14316120
28114082
90221143
12678126
42625747
36987052
98950002
82344912
29517437
87967967
19098796
53574520
17213188
53868117
73751897
86730293
90059229
83492448
44742438
56773019
70606144
72420114
77920775
78322023
48233956
43595459
76228231
57614063
18457882
87880244
91288903
85834825
64746916
88039795
44104789
56726591
78679541
64769100
38544598
11681219
45032709
18122071
83584582
13869873
65371452
80526212
86998398
70422781
17967023
20676995
52426011
13531706
24881151
40424436
71881249
90753716
47705575
31239999
26285282
11199432
88337103
59670969
83890507
83992589
91286228
69599592
91542519
76514166
52722064
38183984
64558152
52487941
48668371
62478769
85867463
13694692
16167127
63855973
96050356
46835229
85266934
82852195
95072977
35711807
44361200
77843470
66572391
42289076
97393077
46664834
74070596
93706944
96871597
22031097
34015511
77308488
71971503
27861543
36980787
71868216
97694628
61739181
17217658
71629941
31938805
58005036
26081654
91879934
11771832
11679888
93726993
93558053
30446946
58685858
40559502
66573582
47014554
93165683
66490958
95266512
98513063
29325942
34839114
55710588
98046148
77855657
59816787
79787499
51771383
25961078
58161142
98485459
59638194
96637586
65478376
88107115
84407275
52794603
64877335
51209323
99260532
34919958
97039389
88608728
49240207
10548676
42994766
70005426
50936738
68350797
98735376
10272224
67101715
42387820
59853548
49255020
35651216
81736415
74336608
95668018
31090268
53295336
83063490
89547516
18958625
19113096
86401565
79457965
38956919
66587045
19745679
20256059
57610863
19705115
62319942
99639429
62250608
15205055
42727346
57172214
65064468
25317605
53743294
84620637
70300299
58432559
44560087
62469867
40209293
85503654
84767216
96780630
73399076
34992253
14843341
85214619
84784528
51089132
66850843
32519014
14582807
85575699
20175183
81036544
71853855
34815442
17824458
48900392
80142250
77711004
38138621
72877695
72848202
47240195
42380413
88497030
59551855
57268548
98666684
74968661
19023971
24930835
75970164
55571053
83639138
40894259
26586042
50184009
14281141
35296406
27013212
52833587
56028937
92569225
41417287
40430533
59548150
98354912
61957444
35958354
52066320
72737012
11751298
26164334
19202660
74512878
20920577
21430057
41285751
82444816
98759818
81347360
44373966
74281293
53834016
52830043
67589972
51539179
29901581
95337452
30359462
19228272
63485127
20048675
76031175
44716838
26052365
78772729
29420350
89082907
99374653
43722788
96935203
74275068
30960973
78153067
99184560
85027196
59753224
86811925
31726280
52179229
87363508
31423908
19679191
11983734
34048570
91751143
51133592
48517037
41996523
46037315
34648621
46875151
23236037
53816840
33004307
43484190
81274668
49518827
39476508
39604010
26406782
96761292
74292331
18850215
73506132
58214010
66000263
94511973
76985786
53950156
19580986
59284200
69467855
42390434
54531820
33336131
45037340
15072288
28767112
28333702
40586564
78244209
13909078
49854744
18852047
46348253
94642132
49551677
10689064
18385720
78862722
86896975
30392016
74140549
51540441
51693293
58499880
10411900
17933346
93540553
36615212
65867196
67806153
41800135
65950871
33632827
86105849
16148288
92000261
40252026
75778111
89427445
54705723
32597804
56811524
62012941
25117582
89662775
44032272
87581766
75039429
84199131
32105217
32118275
58222476
30501074
68508505
42953553
34609817
29121157
97253764
20421090
33388994
63831540
24296237
23468842
94895483
83347880
33800194
72932146
33381675
96884337
38998237
50480881
11278946
76219394
33289877
27427816
23297975
40114175
35328744
68274012
70815302
76977309
87131560
92446834
12627074
88961519
38273135
50315864
19682849
83656029
29813799
15471061
88788476
87926687
75686521
14570201
88232663
32736889
54393831
11618971
48743179
43995005
10949936
99703047
18540529
56741018
30329159
41058697
60172541
87938952
67887376